image_id,healthy,multiple_diseases,rust,scab
Test_0,0.22155961889873835,0.2051863748797086,0.3585610746928254,0.2146929315287277
Test_1,0.27301221933119835,0.19797954214251615,0.322194790255151,0.20681344827113443
Test_2,0.1859462119458722,0.18589560725204243,0.1865945035340915,0.44156367726799384
Test_3,0.250406699040888,0.19701875871047492,0.2988013707406404,0.2537731715079968
Test_4,0.22418664591253268,0.1970612779742518,0.3407037337283406,0.23804834238487502
Test_5,0.2826319890933976,0.2082534435379846,0.2201335980287249,0.2889809693398928
Test_6,0.26653594054622,0.2128484418703686,0.24906632830846767,0.2715492892749438
Test_7,0.2131215706484279,0.21748231872706478,0.23714513022069453,0.33225098040381285
Test_8,0.2718224901870964,0.1997490755828339,0.2337888116282361,0.2946396226018336
Test_9,0.2214121236862855,0.21199423077098306,0.28874492653591044,0.27784871900682095
Test_10,0.24095492814618896,0.19293401222965287,0.34343028242626333,0.22268077719789475
Test_11,0.28078149636923405,0.23603616477096886,0.2788292922007073,0.2043530466590897
Test_12,0.21695921163231835,0.20326934148306616,0.36493848050653327,0.21483296637808222
Test_13,0.30225552118355214,0.2143102564108527,0.27264476172399754,0.21078946068159762
Test_14,0.23895930117935293,0.2147135172797468,0.34320330463645166,0.2031238769044487
Test_15,0.38125125283272504,0.18806212568004668,0.22176008872444208,0.20892653276278633
Test_16,0.26319799697934815,0.1960953256323495,0.2409233612838176,0.2997833161044849
Test_17,0.23971145773619834,0.1988606548841508,0.21551440632002158,0.34591348105962916
Test_18,0.22129988989458077,0.21652490380037462,0.2733259755173857,0.2888492307876588
Test_19,0.20821884158004503,0.19530317459949992,0.24667991920843382,0.3497980646120212
Test_20,0.22837610658496169,0.2025591032532833,0.2906804763066448,0.2783843138551102
Test_21,0.21154781536190545,0.1999806297493764,0.2476368726860783,0.34083468220263985
Test_22,0.28475189161160963,0.21428639947152836,0.2654534775174325,0.2355082313994296
Test_23,0.2275884584278213,0.19846454322958273,0.23175469558528516,0.3421923027573108
Test_24,0.4033957903455501,0.18706935152045182,0.195920607035529,0.21361425109846907
Test_25,0.2196974023265387,0.1913776846346036,0.2241463257272183,0.36477858731163937
Test_26,0.1815766613937544,0.17859302106036878,0.46080978825029356,0.17902052929558326
Test_27,0.2083649850634028,0.18795443170153286,0.41301592198931336,0.19066466124575082
Test_28,0.33844686176513394,0.19986328543910695,0.25372449032188943,0.20796536247386957
Test_29,0.3276937650288915,0.19594762592002093,0.2515223796175249,0.22483622943356252
Test_30,0.2510056072448638,0.19306944789771752,0.3415417045350104,0.21438324032240821
Test_31,0.28314976814734605,0.2085917589780972,0.3095063969477258,0.19875207592683086
Test_32,0.25313444883664443,0.19122964181100144,0.3531663679524878,0.20246954139986634
Test_33,0.2671019870587998,0.1994058264657698,0.2148516725811468,0.31864051389428366
Test_34,0.23816420214433712,0.208225224760008,0.3258893334590098,0.22772123963664526
Test_35,0.19757542978116313,0.19690686324594636,0.20437519415731265,0.4011425128155779
Test_36,0.22048029558892768,0.21126532160404002,0.30491431592814416,0.26334006687888817
Test_37,0.2731022822058152,0.20164730305504058,0.28245686534169323,0.24279354939745101
Test_38,0.22291122434455862,0.20898163034895673,0.27042655742447885,0.29768058788200574
Test_39,0.2964308250211553,0.19356820951813616,0.30824194600604143,0.20175901945466718
Test_40,0.2256329486659851,0.20293550138813043,0.33543090322715485,0.23600064671872958
Test_41,0.2115449319770782,0.19977584566754963,0.39508654901420237,0.19359267334116986
Test_42,0.2237066831860833,0.21013157415937872,0.24864522712807793,0.31751651552646004
Test_43,0.22838426408734536,0.2294685884673404,0.3096824739666437,0.23246467347867053
Test_44,0.2819356188030458,0.1995380012844,0.2138754016527637,0.30465097825979054
Test_45,0.2655418185837225,0.20018232390712573,0.22262950051323477,0.311646356995917
Test_46,0.2854968648913524,0.21608527675404768,0.23090292375538557,0.26751493459921444
Test_47,0.19684235825667212,0.20002873912199992,0.41271670972090996,0.19041219290041797
Test_48,0.23644846078559217,0.2020131622299002,0.3182172559810789,0.24332112100342865
Test_49,0.2633690829928476,0.19647975231791923,0.3395843450156095,0.20056681967362347
Test_50,0.19779321992123283,0.2045562315034932,0.3404759462177963,0.25717460235747763
Test_51,0.22084347731613724,0.2098120304480991,0.29053271850772705,0.2788117737280366
Test_52,0.25342220293398104,0.20232757779506744,0.30763427333127785,0.23661594593967367
Test_53,0.2440107701853132,0.19886939683698562,0.3664877079929456,0.19063212498475557
Test_54,0.3305731128849893,0.21272089933665667,0.2505074836318589,0.20619850414649518
Test_55,0.23013186663320076,0.19603910343011208,0.34872373029475656,0.22510529964193074
Test_56,0.2653521760879132,0.20955906337357705,0.29046249108471095,0.23462626945379872
Test_57,0.2790827898116348,0.21120839054260565,0.2623072540016285,0.24740156564413102
Test_58,0.23190771179038686,0.19666684330936032,0.22734497935464879,0.34408046554560395
Test_59,0.3164778277791609,0.2008278730383789,0.2450500517904416,0.23764424739201867
Test_60,0.22996272571510928,0.19947948154171696,0.30963512496485435,0.26092266777831946
Test_61,0.24700437408434806,0.2083203115589916,0.2601632879049542,0.2845120264517062
Test_62,0.29627490222790914,0.21621249972207496,0.23308520113830536,0.2544273969117104
Test_63,0.21118094273018947,0.19831042988517553,0.3889637094123691,0.2015449179722659
Test_64,0.3127210499082262,0.19720552979731684,0.2601237467014559,0.2299496735930012
Test_65,0.2286467334074139,0.20783039094699127,0.3026951435566235,0.26082773208897125
Test_66,0.1953227021996837,0.18519384587431356,0.431084658759339,0.18839879316666383
Test_67,0.24784270536434838,0.1985424223893303,0.20708294040653627,0.3465319318397852
Test_68,0.22909316144589553,0.2011124110665523,0.3272213630801527,0.24257306440739956
Test_69,0.23664734689213668,0.20227886212500534,0.32825486811477533,0.23281892286808273
Test_70,0.203351547859474,0.20672101962577477,0.2098383110323216,0.38008912148242946
Test_71,0.2675788803223515,0.20313631093634843,0.307915260871012,0.2213695478702881
Test_72,0.21458865836368446,0.21367328228789956,0.27127576910051077,0.3004622902479051
Test_73,0.30222999151343616,0.2049480277087904,0.23785368818626626,0.2549682925915073
Test_74,0.36258167849801104,0.19427248209525552,0.24031846987293776,0.2028273695337957
Test_75,0.26785029616125217,0.19903617633698886,0.2673655124571067,0.26574801504465234
Test_76,0.21854088683300385,0.20426109595133082,0.30487139368242727,0.2723266235332381
Test_77,0.35943565000461064,0.19238300611466405,0.2133747039911403,0.23480663988958506
Test_78,0.2360151903687209,0.20753806193779403,0.2438430404737186,0.3126037072197663
Test_79,0.22019639730885018,0.20192202842213924,0.2621912335458884,0.3156903407231221
Test_80,0.2075127765904448,0.21418518756785745,0.33850113882626287,0.23980089701543494
Test_81,0.2430068624511833,0.20810323251444948,0.29377631089358475,0.2551135941407825
Test_82,0.2533916008414584,0.19710912445235818,0.26791387707239417,0.28158539763378926
Test_83,0.24623754383359114,0.20001105746605594,0.27207251073330596,0.28167888796704704
Test_84,0.21414096581215009,0.21105736393086275,0.23869496688948846,0.33610670336749865
Test_85,0.25049350670501896,0.2252315773351566,0.3104050270859809,0.2138698888738436
Test_86,0.24175699483703197,0.20624036870405607,0.25156636360627915,0.3004362728526327
Test_87,0.3064507297747725,0.202206376202437,0.2945189278311158,0.1968239661916748
Test_88,0.29115482485495947,0.20641235705848177,0.22628939991977548,0.2761434181667832
Test_89,0.2841604283342921,0.2038790653705903,0.30627345211011564,0.20568705418500183
Test_90,0.23594912564929796,0.20320638640908814,0.3482665357708683,0.21257795217074554
Test_91,0.2769696671603597,0.21117552051318542,0.28096643873647975,0.23088837358997508
Test_92,0.23493228554641746,0.1965529531398275,0.23075040709658595,0.33776435421716894
Test_93,0.2250398227647407,0.19222629701169017,0.3867982709060951,0.19593560931747414
Test_94,0.24299149226340164,0.20167723023877004,0.2753772743172391,0.2799540031805891
Test_95,0.23853533982850844,0.20890005247592774,0.2839711578337764,0.26859344986178746
Test_96,0.22451177323489763,0.20479893901933055,0.2758680448569696,0.2948212428888021
Test_97,0.21748982428002037,0.20570001534996354,0.3109595505489309,0.2658506098210851
Test_98,0.24011289070100839,0.20322898391941646,0.29436764185083825,0.2622904835287369
Test_99,0.2963359152062172,0.20119199233196572,0.22120033151603538,0.28127176094578166
Test_100,0.25176912713262406,0.2070265842461884,0.26236170773313766,0.2788425808880499
Test_101,0.3477958756912303,0.1917002582265951,0.2625024827237329,0.19800138335844167
Test_102,0.23224775307047596,0.19769222546690157,0.327024370635904,0.24303565082671846
Test_103,0.30497675208970865,0.19292221238959706,0.30003151627891544,0.20206951924177885
Test_104,0.20157987947313744,0.20047048198487152,0.25612654927984063,0.3418230892621503
Test_105,0.20142070818250518,0.19124812505770492,0.25197845746618575,0.3553527092936042
Test_106,0.33065704006495583,0.1962245079059556,0.2680450580140998,0.20507339401498867
Test_107,0.23958330718693877,0.2238599442577504,0.2972896671941077,0.2392670813612031
Test_108,0.19250749980504644,0.19739934036036996,0.18925642365482578,0.42083673617975786
Test_109,0.2930457287788627,0.20414453224205842,0.2915321706029871,0.21127756837609166
Test_110,0.27985827235890365,0.20247166004600678,0.23666979185530657,0.28100027573978303
Test_111,0.2902926031823093,0.20041664423753042,0.26086638386154204,0.2484243687186183
Test_112,0.2096481323316863,0.2034034404235932,0.32802652139291544,0.258921905851805
Test_113,0.2294108407261495,0.20238051290663642,0.21460511946060348,0.3536035269066107
Test_114,0.2205574779823053,0.19346599975381265,0.21229345127959007,0.37368307098429204
Test_115,0.2438880258367456,0.19336542493805453,0.3496616701774121,0.2130848790477878
Test_116,0.20637166152412723,0.1930848633240635,0.4121358603220743,0.18840761482973514
Test_117,0.22539484961874792,0.20469651305730208,0.3591198493956072,0.21078878792834288
Test_118,0.20994492655686522,0.22941568719393055,0.2690180993539026,0.2916212868953017
Test_119,0.4427121157185799,0.18010706024325648,0.19336111762410618,0.18381970641405745
Test_120,0.3039358227430202,0.20732588069131086,0.26725744515482613,0.22148085141084287
Test_121,0.20762703430818233,0.1979645944794809,0.4063998602059806,0.1880085110063561
Test_122,0.23512821866817435,0.2061398529903803,0.2829841163202891,0.2757478120211563
Test_123,0.2150998817160033,0.22208563301806503,0.30780394780518955,0.2550105374607421
Test_124,0.2205882068716197,0.20621062994389228,0.27807320577124534,0.29512795741324277
Test_125,0.3272025921659642,0.19543136665889654,0.2532594146169969,0.2241066265581424
Test_126,0.32984891400581634,0.19805247315430527,0.2435027157871044,0.22859589705277406
Test_127,0.2515277780142748,0.20285911785161495,0.2480230813079947,0.2975900228261155
Test_128,0.23087520845518272,0.19842604980952624,0.2513214842726209,0.3193772574626701
Test_129,0.23574715957750475,0.19519000963345765,0.3256854588187954,0.2433773719702422
Test_130,0.20034973386560903,0.19152007703638324,0.21063784453621598,0.3974923445617917
Test_131,0.216975511410872,0.2001449220275334,0.22928797694636374,0.35359158961523085
Test_132,0.32296994014284686,0.19401916961120813,0.29130786117155333,0.19170302907439174
Test_133,0.18961694273495092,0.19781011881756702,0.18781743826977454,0.4247555001777076
Test_134,0.21055385711662783,0.20191157427920575,0.23257543106535608,0.35495913753881037
Test_135,0.2331477311466326,0.19864107110042037,0.2746098032880237,0.2936013944649234
Test_136,0.2087189726530399,0.20078167596594576,0.23356129447295726,0.3569380569080571
Test_137,0.21067494797901787,0.19311917593578543,0.4037982827739651,0.19240759331123164
Test_138,0.24268314242012778,0.20530279586946548,0.28031810466701146,0.27169595704339533
Test_139,0.3878979484036493,0.19007771116869038,0.22281565376287993,0.19920868666478053
Test_140,0.27646099359210274,0.2018809724286632,0.3016754716789213,0.2199825623003127
Test_141,0.22560212599040977,0.21136437092963795,0.2748091145038897,0.2882243885760626
Test_142,0.26380690182151056,0.20652867146156687,0.2554972654530254,0.27416716126389706
Test_143,0.19019160813119035,0.1890237812430918,0.4352112860965415,0.18557332452917635
Test_144,0.26611474851206435,0.21932616456581855,0.27082292452680756,0.24373616239530957
Test_145,0.23037623523812836,0.2041804440119644,0.23820229277419142,0.32724102797571575
Test_146,0.2297315486154393,0.23623673344788979,0.24595443363030062,0.2880772843063703
Test_147,0.2912839118684313,0.1978274598671242,0.29659910424789837,0.2142895240165462
Test_148,0.29983794012319726,0.20278478051535884,0.21833722283989482,0.27904005652154906
Test_149,0.19822890892928308,0.19236654553644258,0.41801951092894735,0.191385034605327
Test_150,0.3156044417833185,0.20004372356181843,0.27330686823446226,0.2110449664204008
Test_151,0.2382475978951924,0.19831670155523803,0.31075895915511065,0.25267674139445895
Test_152,0.2388269417243857,0.1939522393856254,0.37046570504881127,0.19675511384117775
Test_153,0.205725200100009,0.19292528729897426,0.19696101680545758,0.40438849579555913
Test_154,0.218018529823985,0.20138922625309713,0.28343004839626285,0.297162195526655
Test_155,0.28708270372160183,0.2008794806100499,0.2843727437824842,0.22766507188586393
Test_156,0.23719219777680808,0.19365361069110593,0.33379699985737454,0.23535719167471145
Test_157,0.3078848134200979,0.1943037441100655,0.30417879118161534,0.19363265128822116
Test_158,0.22418683982066606,0.19849742405958037,0.20508188047822287,0.3722338556415306
Test_159,0.2461629255245952,0.1945844978792641,0.20849353967732853,0.3507590369188123
Test_160,0.2693079153067591,0.1972975680585112,0.2610431138901332,0.2723514027445965
Test_161,0.25262381601223344,0.19747497725975802,0.26532057797383235,0.2845806287541762
Test_162,0.21623200865343117,0.19329564997359147,0.39587554915110507,0.19459679222187234
Test_163,0.2688677154592781,0.21079917574747215,0.2353741594369514,0.28495894935629845
Test_164,0.2212926245533909,0.2618023391306096,0.2967713122092768,0.2201337241067226
Test_165,0.22934002219971666,0.20615165567473415,0.2543069591072041,0.31020136301834517
Test_166,0.2505931820708051,0.20703559724888812,0.3180998910942206,0.22427132958608625
Test_167,0.22243277034128459,0.19237577657888882,0.3959039957021088,0.18928745737771793
Test_168,0.24907318266732678,0.19689938253481323,0.24937742333082863,0.3046500114670313
Test_169,0.28706216035838755,0.19879255142783242,0.29097468351281713,0.2231706047009629
Test_170,0.2564021139861642,0.22600366464995264,0.2651112817270104,0.25248293963687274
Test_171,0.2794440630106639,0.1998307062990118,0.2833133500561274,0.2374118806341969
Test_172,0.23332914358433515,0.19894152617828142,0.3685957802759358,0.1991335499614476
Test_173,0.20775434508785337,0.205073202580297,0.3828408895043025,0.2043315628275472
Test_174,0.2307097697244319,0.20899358468035079,0.2594032838156526,0.3008933617795646
Test_175,0.21435927359365622,0.2071802761451463,0.31155236268283026,0.2669080875783673
Test_176,0.2299955204754598,0.19833193871589938,0.31495033193094085,0.25672220887770003
Test_177,0.1964400606372174,0.20931115945011405,0.2092716321915069,0.3849771477211617
Test_178,0.1906074566782142,0.18609469767176107,0.189951901519231,0.43334594413079364
Test_179,0.21744762213694624,0.19337541151296223,0.3608545447839394,0.22832242156615232
Test_180,0.23960831256046955,0.21080937719302928,0.3173657455774889,0.23221656466901228
Test_181,0.25544809417214626,0.21296420172340252,0.2564940957933424,0.27509360831110896
Test_182,0.2339234937003352,0.19676016272407937,0.36507266782117404,0.20424367575441135
Test_183,0.2521570039804838,0.19946730519248826,0.29344263500563394,0.25493305582139403
Test_184,0.2934332336554767,0.1935567553776042,0.320585160847092,0.1924248501198271
Test_185,0.2791121876316083,0.20912597669633126,0.2857470624461727,0.22601477322588764
Test_186,0.23273779279422838,0.19461050808759225,0.3474085085591475,0.22524319055903186
Test_187,0.2244517361235534,0.20258490460585304,0.3578612108762622,0.2151021483943314
Test_188,0.2522173745371911,0.2045215766487402,0.306435647091145,0.23682540172292374
Test_189,0.2833781198503599,0.21134699245160032,0.2418193522520416,0.2634555354459981
Test_190,0.33933524010829286,0.1941587413371585,0.22302910755702793,0.24347691099752078
Test_191,0.3411996045653527,0.21441736443049753,0.22231086821623616,0.22207216278791364
Test_192,0.23102834004592612,0.20794297339757753,0.3133647631458409,0.2476639234106554
Test_193,0.31491333025316354,0.1930666577424499,0.28149326562539906,0.21052674637898758
Test_194,0.25150610894850695,0.22278088615858427,0.2724540007834116,0.25325900410949737
Test_195,0.26655971275614065,0.21466107208956517,0.27590129230326693,0.24287792285102722
Test_196,0.22763939738996494,0.23065399780112011,0.2738947031247197,0.26781190168419516
Test_197,0.22580940791814602,0.1935660903007415,0.2013299449915194,0.37929455678959306
Test_198,0.3767798798596229,0.18990756029788064,0.21718348214285083,0.21612907769964562
Test_199,0.32440579545895804,0.19874415206702198,0.25632241786275667,0.22052763461126337
Test_200,0.1969233840596422,0.18770667026799745,0.1956114938142192,0.41975845185814115
Test_201,0.2196118215886079,0.19797151718998274,0.2222983572182168,0.36011830400319267
Test_202,0.2801881885894858,0.20404662488633965,0.24918852653639456,0.2665766599877799
Test_203,0.23307577400586377,0.20263715444489203,0.36278713464876855,0.20149993690047582
Test_204,0.1997498697580358,0.19621961153424783,0.1885572571543049,0.4154732615534114
Test_205,0.1835683228902865,0.18893685731890816,0.18248773745349606,0.4450070823373094
Test_206,0.18188664128153273,0.18666433749711497,0.1809685547521891,0.45048046646916323
Test_207,0.21061159093403453,0.19410067401971975,0.21877647789823393,0.37651125714801176
Test_208,0.3376402815885342,0.19219110038370507,0.24756912897790825,0.22259948904985247
Test_209,0.21193662274082273,0.19560209415789448,0.24642654898465408,0.3460347341166287
Test_210,0.2975376130773503,0.19495926907819924,0.300584944456039,0.20691817338841142
Test_211,0.21154908220314683,0.20480910803538144,0.28533844797749147,0.2983033617839803
Test_212,0.26895129250820404,0.19658178814699595,0.324034505870209,0.21043241347459096
Test_213,0.2371634598475079,0.2084671618071861,0.2531144125128306,0.3012549658324754
Test_214,0.244077563005743,0.20996178940140542,0.3005327525749381,0.2454278950179136
Test_215,0.25466277068984944,0.20722374903478905,0.3041246564316045,0.23398882384375697
Test_216,0.3147483134893652,0.2147209922208138,0.2607812617844297,0.20974943250539121
Test_217,0.22396598876220755,0.1999359087144956,0.30738560959493694,0.26871249292835997
Test_218,0.28838944668636124,0.19539188199533236,0.294749299014564,0.22146937230374247
Test_219,0.2597087632145549,0.20247263469335164,0.3134311000950147,0.22438750199707894
Test_220,0.19364817456900973,0.19326734186771455,0.1972358571769939,0.41584862638628184
Test_221,0.24049319566762672,0.2107709582317919,0.3394522627624149,0.20928358333816646
Test_222,0.21257554466006634,0.1928880176485685,0.25712744081426225,0.33740899687710285
Test_223,0.200140390589329,0.19685935217322648,0.278912575396356,0.3240876818410884
Test_224,0.2934020486335939,0.195060979145451,0.3185493604101553,0.19298761181079985
Test_225,0.3095769885171994,0.1959623648044947,0.24069601075664354,0.2537646359216623
Test_226,0.2122038509157158,0.20667363101462946,0.35841040379565475,0.22271211427399992
Test_227,0.2335106294934963,0.20852137588527814,0.26443333452376216,0.2935346600974633
Test_228,0.2760985656372769,0.19900441088057352,0.31096896611089686,0.21392805737125276
Test_229,0.28862070620590097,0.21583954816718887,0.2900979371412919,0.2054418084856183
Test_230,0.2553677177918473,0.2268092494384411,0.23196449431774877,0.28585853845196274
Test_231,0.21730872621201217,0.19851772007262128,0.23566822966384632,0.34850532405152024
Test_232,0.25353491768104364,0.19691437325586464,0.2586525277051843,0.29089818135790746
Test_233,0.25857535623147065,0.20307191974093827,0.24274046514028066,0.29561225888731035
Test_234,0.21321173311373154,0.19735034424893771,0.22078930463513466,0.3686486180021961
Test_235,0.2218947847671354,0.20948152617561835,0.24229897418212393,0.3263247148751223
Test_236,0.2441927807289295,0.20155487730289778,0.3042395510803439,0.25001279088782874
Test_237,0.20054263565536443,0.19279347541446526,0.20147357248934827,0.40519031644082215
Test_238,0.22682393691902636,0.20696388686251732,0.3289217890325317,0.23729038718592468
Test_239,0.2898918462563594,0.2011908242011685,0.2583886792560403,0.25052865028643195
Test_240,0.23738952957524598,0.21930664869448294,0.33719581761856626,0.20610800411170485
Test_241,0.1803279705324205,0.17863387314345028,0.180747978920857,0.4602901774032723
Test_242,0.2552805767748746,0.19959768113556015,0.23584489264131997,0.3092768494482453
Test_243,0.27602342680511327,0.19234570782397056,0.33312064930794916,0.19851021606296707
Test_244,0.21307977194773606,0.24734938435672138,0.3430898953053614,0.19648094839018132
Test_245,0.25773412686080654,0.23585751088786103,0.28476291954542265,0.2216454427059097
Test_246,0.2602219962583318,0.22050732717929927,0.205967561103097,0.313303115459272
Test_247,0.1942733869362623,0.19513293826646871,0.18795500453645703,0.422638670260812
Test_248,0.24424708936024295,0.20974611259668408,0.3084375481127832,0.2375692499302898
Test_249,0.2183749044798069,0.2081543403678851,0.2395837671780327,0.3338869879742752
Test_250,0.2849293301643596,0.205870976681308,0.2724712544300407,0.23672843872429164
Test_251,0.24027449192471884,0.2061350408748834,0.30630672505648204,0.24728374214391582
Test_252,0.24237065248168294,0.1978364700961621,0.24966367087554506,0.31012920654661
Test_253,0.22446535683717536,0.20183348557004818,0.23660307450356757,0.3370980830892089
Test_254,0.23678760067439247,0.21864204202570364,0.2237583336446712,0.32081202365523276
Test_255,0.2265176597834784,0.20325915296642325,0.2341266828258934,0.3360965044242048
Test_256,0.2625404490485026,0.2140510047162401,0.24995734511563047,0.2734512011196268
Test_257,0.3004951181605048,0.205698667426349,0.27355934160991013,0.22024687280323613
Test_258,0.296063208840601,0.20170256967192254,0.2725651551944885,0.22966906629298806
Test_259,0.31177767817334745,0.19616935806783106,0.2707864450903937,0.2212665186684278
Test_260,0.2167751874992146,0.189388041490524,0.20135735820960135,0.39247941280065995
Test_261,0.23414123159488703,0.20125512590778927,0.270437961275678,0.29416568122164566
Test_262,0.2827224479193203,0.2022450211333084,0.2289906381487967,0.2860418927985747
Test_263,0.21377978490924945,0.19398512216291292,0.21989653104838994,0.3723385618794478
Test_264,0.2395427528456895,0.19812640497179193,0.3061888622591427,0.2561419799233759
Test_265,0.21998469323499784,0.19748922565119784,0.31311464980034287,0.26941143131346146
Test_266,0.18033732407539116,0.18432472368492733,0.18070190177410836,0.4546360504655732
Test_267,0.30563861139703397,0.19195247254842113,0.29313009032048687,0.20927882573405807
Test_268,0.2035507842804411,0.21161126483877649,0.36993127660170383,0.21490667427907853
Test_269,0.3013809955872261,0.20272722147007743,0.26881179748489764,0.22707998545779892
Test_270,0.21598275685891843,0.2022624098178615,0.37981468443497673,0.2019401488882432
Test_271,0.20552246517728617,0.18574343240427574,0.4145692678936138,0.19416483452482422
Test_272,0.2886258543501592,0.19779235709404752,0.28467511219583763,0.22890667635995554
Test_273,0.3317309641004046,0.19650837609408728,0.24307234115745732,0.22868831864805067
Test_274,0.2616644440196125,0.23073856344060562,0.23041124252513975,0.27718575001464213
Test_275,0.28897661955672244,0.20736878862929684,0.27533337697922144,0.22832121483475937
Test_276,0.2170318590829132,0.1858213521315441,0.1919832726180092,0.4051635161675336
Test_277,0.20139253264420545,0.1917146209204633,0.19925635174753492,0.4076364946877964
Test_278,0.1878712008368677,0.19054599049508542,0.18685504252972038,0.43472776613832653
Test_279,0.20607415641006402,0.18940457899957466,0.40732839232210805,0.1971928722682533
Test_280,0.23413586960978833,0.20967900283437094,0.2630235505191885,0.2931615770366523
Test_281,0.21253551817123212,0.19853879168649397,0.22366858319224703,0.36525710695002683
Test_282,0.22346034116536723,0.23963529267343295,0.22335491599666085,0.3135494501645389
Test_283,0.2944843074309251,0.20924889126652713,0.28212521316142375,0.2141415881411241
Test_284,0.30980826017045776,0.21037945855030876,0.22343697805064736,0.25637530322858615
Test_285,0.3238872792724106,0.19762750179973404,0.26843103586588185,0.2100541830619735
Test_286,0.2223568490896994,0.19827761602982025,0.22136570042675854,0.3579998344537219
Test_287,0.2064576043089626,0.20518337973141262,0.3365188815921039,0.2518401343675209
Test_288,0.19275778125326665,0.1898046704953299,0.19538923787599374,0.4220483103754098
Test_289,0.18890761416955337,0.1911243409994415,0.19168777048564206,0.42828027434536303
Test_290,0.23438625536993188,0.21131400990928073,0.3386120588930674,0.21568767582772008
Test_291,0.21609138197914501,0.20178189722785428,0.3686716339740185,0.21345508681898226
Test_292,0.39266026292599304,0.19291734913963435,0.22196114577995626,0.1924612421544164
Test_293,0.24648029706671354,0.20359532145716983,0.336138177900626,0.21378620357549055
Test_294,0.2322209412593613,0.2074987251847562,0.2941067935684122,0.26617353998747034
Test_295,0.2122405929165197,0.21068830203849523,0.2300058921334903,0.34706521291149484
Test_296,0.3257095503937161,0.19849250368126656,0.2376403032410772,0.2381576426839402
Test_297,0.19776706658498894,0.19736625455993606,0.22156103202792693,0.383305646827148
Test_298,0.19640999795410746,0.22432810528528907,0.22832801679688242,0.3509338799637212
Test_299,0.23522183380804906,0.2007491739750511,0.2701087015356775,0.2939202906812224
Test_300,0.28449483322451835,0.1933790495691873,0.3232590818140957,0.19886703539219866
Test_301,0.30573536608251767,0.21405290640562982,0.2574945672004546,0.22271716031139793
Test_302,0.19812966204805404,0.19354212231010992,0.1966854677876511,0.4116427478541849
Test_303,0.25203495582556495,0.20891483594014534,0.24228544035530064,0.296764767878989
Test_304,0.3254098721800669,0.1940551806124644,0.2524667646389964,0.22806818256847222
Test_305,0.2202772575117218,0.19400891398827133,0.3850126035851067,0.2007012249149001
Test_306,0.2645931901208563,0.19354196975016552,0.3335907194182338,0.2082741207107444
Test_307,0.2895453325089996,0.20380203735377828,0.23347416658882886,0.2731784635483932
Test_308,0.2378430825410479,0.2022098193186659,0.32693716570370085,0.23300993243658538
Test_309,0.18223785793106353,0.18691330413272714,0.1828011870556902,0.44804765088051907
Test_310,0.2327440994379692,0.2068721446124784,0.3410975971829303,0.21928615876662208
Test_311,0.4182524373056354,0.1877257959487416,0.20362034386054864,0.19040142288507447
Test_312,0.26351115051345964,0.1993212746754074,0.31604845251553815,0.22111912229559497
Test_313,0.26087997138471175,0.19855090716448484,0.2468256189211534,0.2937435025296499
Test_314,0.2636919383452027,0.21331914134733065,0.30616093129750155,0.21682798900996503
Test_315,0.20688286255821733,0.22930593536180116,0.2608028288046484,0.30300837327533314
Test_316,0.31039118815232647,0.19953214623594082,0.26667099225840074,0.22340567335333197
Test_317,0.29813640708838574,0.2069830316263107,0.2502168533467188,0.24466370793858483
Test_318,0.22857722409540435,0.20949504782634604,0.25690092874911763,0.305026799329132
Test_319,0.2306192832998543,0.20262832102257985,0.31000700659134617,0.2567453890862198
Test_320,0.3009364394248433,0.20256390092455556,0.26223762188145744,0.23426203776914367
Test_321,0.2842446129877841,0.22971251668960405,0.2550950422314541,0.23094782809115777
Test_322,0.23861457376062145,0.19969883279563846,0.3536932045179552,0.20799338892578473
Test_323,0.23625817218306552,0.1910622410744243,0.3817382258734743,0.19094136086903593
Test_324,0.2243435570069022,0.20074251617961797,0.23703218503685333,0.3378817417766265
Test_325,0.21812143781488771,0.20083917107423954,0.21737305468954896,0.36366633642132373
Test_326,0.25148435928253327,0.19812522829546172,0.328979859545404,0.22141055287660105
Test_327,0.21565573168500302,0.20248616243729423,0.20852376343250806,0.37333434244519476
Test_328,0.18469132159113943,0.19127319973655826,0.20109377427488323,0.422941704397419
Test_329,0.3520288796512437,0.19321538951694495,0.2261645526968259,0.22859117813498533
Test_330,0.24504176047546863,0.21021654495782943,0.2105240893476503,0.3342176052190517
Test_331,0.19718198123538047,0.18706664095351705,0.20607874944942475,0.40967262836167767
Test_332,0.28878580478280347,0.199435626169975,0.28125455831016155,0.23052401073706003
Test_333,0.20139527176676186,0.20951511479981808,0.246728195303722,0.34236141812969817
Test_334,0.36044123091425356,0.1958551615792997,0.24332844944527912,0.2003751580611675
Test_335,0.3052390554554277,0.20075953171454822,0.2548596867907354,0.23914172603928877
Test_336,0.24917672195172447,0.21097539874865703,0.27097304336873795,0.2688748359308805
Test_337,0.30955273674642647,0.21838808770723198,0.24022088889786686,0.2318382866484746
Test_338,0.35003573949318917,0.19487266888752044,0.238251012460371,0.21684057915891936
Test_339,0.24441019769086125,0.20306324087698838,0.3064471072382257,0.24607945419392468
Test_340,0.40829570507598506,0.18905913620788406,0.2041911937144364,0.19845396500169438
Test_341,0.3407169823076462,0.20580632943742436,0.2367508309052639,0.21672585734966565
Test_342,0.3027064186356704,0.19980562739788923,0.2203015668781592,0.2771863870882812
Test_343,0.28402278965675526,0.20247004751534908,0.27995943914317706,0.23354772368471866
Test_344,0.24885716200961105,0.19822077655364465,0.3483916751125847,0.2045303863241596
Test_345,0.2771590874173738,0.2034420517590044,0.32263411764415034,0.19676474317947168
Test_346,0.19626020603669406,0.20512974697787448,0.40629790879029304,0.19231213819513857
Test_347,0.203974100316876,0.1900040823305422,0.38674053020662796,0.21928128714595393
Test_348,0.23037193319068772,0.2038229475617482,0.32007704905546325,0.24572807019210077
Test_349,0.2246837185303759,0.1984670297594553,0.22718840999255152,0.3496608417176172
Test_350,0.28397407488921345,0.1979918027487526,0.22615284075260886,0.2918812816094251
Test_351,0.26022089594922027,0.19668388235188328,0.3084032382914016,0.2346919834074948
Test_352,0.2900389422265688,0.21965195844236282,0.2818634962335801,0.20844560309748827
Test_353,0.35238524807242644,0.19545206454697686,0.24699482267235848,0.2051678647082383
Test_354,0.26893975609430626,0.20263102924723742,0.3042807667023133,0.22414844795614297
Test_355,0.22722073121959122,0.21609196905703104,0.31766568907993986,0.2390216106434379
Test_356,0.21666976326541923,0.19418558903161737,0.24211070719168384,0.3470339405112796
Test_357,0.3435527331752912,0.19192526100054114,0.24940965457940423,0.21511235124476333
Test_358,0.23282988037952423,0.22743248381916104,0.3109038186488804,0.22883381715243434
Test_359,0.2340347770270876,0.21102989989893473,0.27953841884568736,0.27539690422829016
Test_360,0.2775518219247578,0.21282099620723777,0.23159981907217486,0.27802736279582957
Test_361,0.26868181839688693,0.2078052287864584,0.278633180959773,0.2448797718568817
Test_362,0.27746701037838445,0.20146329786333791,0.24900626074464233,0.27206343101363534
Test_363,0.23116117923215995,0.23143041935450354,0.3159460532588417,0.22146234815449484
Test_364,0.28324987463668716,0.1988369218777018,0.31964876163153405,0.19826444185407702
Test_365,0.26925413284442423,0.22229944858167514,0.31149044457410335,0.19695597399979717
Test_366,0.20666441608538602,0.20040341440365203,0.21489264254650628,0.3780395269644557
Test_367,0.22847245522276408,0.19594150149833184,0.2186169592249459,0.3569690840539582
Test_368,0.274493089654543,0.19147316897582156,0.3341087956773118,0.1999249456923237
Test_369,0.20656168943093517,0.20140498951013447,0.2101259644408606,0.38190735661806974
Test_370,0.19769808289424495,0.19580832703736673,0.3873730641572883,0.21912052591109996
Test_371,0.2596693312848981,0.19714707113474902,0.3319496508683061,0.21123394671204682
Test_372,0.22241461608410634,0.2055751084302302,0.3063012155859794,0.2657090598996841
Test_373,0.219218678023411,0.215583113750799,0.2647010405389536,0.3004971676868366
Test_374,0.24069299476924996,0.1928331844609574,0.21343396920946384,0.3530398515603288
Test_375,0.23912404309092133,0.20379528559234728,0.3083498116532692,0.24873085966346223
Test_376,0.31133585726058577,0.19709065896073555,0.28398215635050894,0.20759132742816974
Test_377,0.32913713585884624,0.20229958882469856,0.26441149099471717,0.20415178432173794
Test_378,0.22419584295439102,0.21741947318343302,0.3331398036653259,0.22524488019684996
Test_379,0.21515658160401074,0.19627889327334933,0.21986547429301181,0.3686990508296282
Test_380,0.1969816595676662,0.18608775540904623,0.42469655795728134,0.19223402706600626
Test_381,0.28554905741434755,0.20100439593661168,0.26001245732872236,0.25343408932031836
Test_382,0.26405040354675846,0.23020701602256405,0.22379091542386517,0.28195166500681235
Test_383,0.2695180972255753,0.19879957493071518,0.33835100011708025,0.1933313277266293
Test_384,0.31166034743306925,0.20317743912359376,0.26984019619814764,0.2153220172451893
Test_385,0.21365843838649443,0.2076103153719073,0.23592736558134558,0.34280388066025275
Test_386,0.22278478759396042,0.2029732663052895,0.2267164887992174,0.34752545730153267
Test_387,0.21010363475123586,0.20531057000943223,0.3454459657972667,0.23913982944206513
Test_388,0.2677829357818904,0.20767952220513164,0.25900071323018997,0.265536828782788
Test_389,0.3360409192154236,0.2072052172463357,0.24452884800077918,0.21222501553746145
Test_390,0.24198938484706736,0.19921913329797392,0.21250536329176825,0.3462861185631903
Test_391,0.28227966425952317,0.2126590640245361,0.28212095428658956,0.22294031742935108
Test_392,0.26715961045296327,0.19767360547717308,0.2936186837329834,0.24154810033688015
Test_393,0.23603776743551264,0.20922496972491833,0.2851974480638729,0.26953981477569616
Test_394,0.2437750372824238,0.20319021627530348,0.28132454548366614,0.2717102009586065
Test_395,0.26734458139538664,0.20195479715699474,0.28811182256107926,0.24258879888653942
Test_396,0.19269537578719548,0.1933590894709769,0.19260608062980042,0.4213394541120272
Test_397,0.23171211819116375,0.20537138474968222,0.30922330672300585,0.2536931903361482
Test_398,0.2200291080592038,0.19752245213452857,0.32890157739399484,0.2535468624122729
Test_399,0.20950212397569085,0.18908608521575052,0.40967553739234935,0.19173625341620923
Test_400,0.2666049948606301,0.20113954129368117,0.30146224339677125,0.23079322044891754
Test_401,0.21905455398922674,0.1955782766208159,0.38729975260646754,0.1980674167834899
Test_402,0.2192878996986636,0.2017466844095408,0.2536950193376301,0.32527039655416556
Test_403,0.284952833328157,0.20267415300780142,0.29816837475658675,0.21420463890745473
Test_404,0.22609064206427498,0.1941773312891383,0.3648057208961897,0.21492630575039715
Test_405,0.18373901148378838,0.18698970696918535,0.1843522977244381,0.44491898382258815
Test_406,0.18692553860716876,0.18629797429097675,0.18937255436987568,0.43740393273197875
Test_407,0.21053860052073523,0.20377174514632015,0.24222424861601496,0.34346540571692974
Test_408,0.19154201082247252,0.1916491356115212,0.18523297395650581,0.43157587960950045
Test_409,0.2713206590327034,0.20099784134676651,0.2718860389443066,0.25579546067622355
Test_410,0.1918682475834011,0.18741479196524355,0.19173278935902488,0.42898417109233056
Test_411,0.3212674407878538,0.19934221545799402,0.2850293676343992,0.19436097611975298
Test_412,0.3423364481984211,0.19282752535853637,0.2736890221673886,0.19114700427565387
Test_413,0.2550509452824524,0.19428168192173007,0.343218009688076,0.20744936310774154
Test_414,0.237394885458174,0.20263298542611619,0.3241261544567939,0.23584597465891605
Test_415,0.24041927122418055,0.2133517773993106,0.2952300418091218,0.25099890956738696
Test_416,0.22009271625536167,0.1977030094869283,0.20984501927337287,0.3723592549843372
Test_417,0.21513913382073754,0.19485750521599196,0.3531935079141975,0.236809853049073
Test_418,0.30200193090231986,0.20336454807102755,0.25659353082719377,0.23803999019945876
Test_419,0.2783043277368688,0.19978445422796864,0.3209096698188845,0.20100154821627808
Test_420,0.25125333268885025,0.21436605814598286,0.28446989580856735,0.2499107133565995
Test_421,0.19880737368370158,0.19939469780160438,0.20346574084721097,0.398332187667483
Test_422,0.23724391226163352,0.21181648485207846,0.2198908663720478,0.33104873651424016
Test_423,0.22189639639588454,0.19925540553827645,0.2392860652849008,0.3395621327809382
Test_424,0.25451308057039235,0.20988971662651076,0.24343894834168553,0.2921582544614114
Test_425,0.25492369554752065,0.19792747433148028,0.2506681399518515,0.2964806901691476
Test_426,0.2179116815906258,0.20682280551719365,0.27107176024223906,0.3041937526499414
Test_427,0.2284046826108708,0.20489010027279722,0.2871713423255254,0.2795338747908066
Test_428,0.1998406333289095,0.1937621979575499,0.19515515003471398,0.4112420186788268
Test_429,0.26539227051669556,0.21016803742971712,0.3181138702702934,0.20632582178329373
Test_430,0.3053980410720485,0.19823144552998495,0.2415698444054321,0.2548006689925345
Test_431,0.32547721664429297,0.19789205522346276,0.24256938030715036,0.2340613478250939
Test_432,0.2347378538726603,0.20324610584219627,0.2995428154740696,0.26247322481107377
Test_433,0.18485683068188097,0.18115542363755674,0.18115839215095422,0.4528293535296082
Test_434,0.20134432481086828,0.22493937720964563,0.20224336934018944,0.3714729286392967
Test_435,0.22126208831067282,0.2039593156561061,0.3161576253164964,0.25862097071672463
Test_436,0.2738475053463363,0.20441386718814758,0.28719315595633593,0.23454547150918012
Test_437,0.21812696854560282,0.2460319509227235,0.30062038312447603,0.23522069740719764
Test_438,0.2773643640042345,0.20481504285369245,0.2727196649890386,0.2451009281530345
Test_439,0.2572338655984554,0.2024737486717859,0.3158534732333822,0.22443891249637643
Test_440,0.33936475142112066,0.1972870579361601,0.23110518962966373,0.2322430010130555
Test_441,0.21556154491074941,0.20637999744135777,0.3337653173348457,0.2442931403130472
Test_442,0.279564182090463,0.20852721200312477,0.2813457416579061,0.23056286424850603
Test_443,0.29476811248699525,0.1944091696426949,0.303453663755934,0.20736905411437584
Test_444,0.19649369865997496,0.18744730355718295,0.3940113587994325,0.2220476389834096
Test_445,0.20493469236786058,0.18684029791909962,0.4070403724124871,0.20118463730055267
Test_446,0.28152139579115065,0.1967252186402366,0.3039316693938289,0.21782171617478385
Test_447,0.2775797567081956,0.20049508403679975,0.25446958316726975,0.2674555760877348
Test_448,0.21824860541374852,0.19408331857422645,0.39122601022014064,0.1964420657918844
Test_449,0.20112923567560775,0.2098980200485361,0.2665841156936584,0.32238862858219763
Test_450,0.2175565523872091,0.1981590781019003,0.32983594877653394,0.2544484207343566
Test_451,0.26532561031314483,0.2236030977204289,0.2386693398970489,0.2724019520693775
Test_452,0.3559026707925362,0.18966762165307208,0.26250957112740797,0.19192013642698358
Test_453,0.20028585535959698,0.1893941780546778,0.19256883105164002,0.41775113553408527
Test_454,0.218960895056755,0.18860707885821876,0.19634847761792618,0.3960835484671
Test_455,0.20521710188731854,0.1958798430442791,0.22138032079704426,0.3775227342713581
Test_456,0.27678888619244413,0.22056740112579862,0.25967893725871344,0.24296477542304387
Test_457,0.21437302765549882,0.1893067996191415,0.20736764850247294,0.3889525242228867
Test_458,0.2518046312685826,0.22624105027898167,0.29020738477415414,0.23174693367828164
