image_id,healthy,multiple_diseases,rust,scab
Test_0,0.23259472852882834,0.20155531240437777,0.33641230806773836,0.22943765099905555
Test_1,0.24481673587454747,0.20040442033836833,0.31673845312540855,0.23804039066167562
Test_2,0.20667071741920362,0.1939828297298978,0.18918273615199532,0.4101637166989033
Test_3,0.24834716600148604,0.20224579172537951,0.22135664494817256,0.3280503973249619
Test_4,0.2179287489132273,0.19104059057263728,0.3864641280629142,0.20456653245122108
Test_5,0.2666742669760197,0.2048222078552298,0.272353551086917,0.2561499740818335
Test_6,0.24626527969911458,0.20169372482388953,0.23604054000646482,0.316000455470531
Test_7,0.22919632483073699,0.19994164709765477,0.20451660915974842,0.3663454189118598
Test_8,0.2521058976217799,0.2002916755770237,0.21323944041467854,0.334362986386518
Test_9,0.23503293600858882,0.20291362452613004,0.23201227906744873,0.33004116039783243
Test_10,0.2981707847607329,0.20401780646030163,0.2853590693633566,0.21245233941560904
Test_11,0.3519344833028696,0.20769682521585878,0.2098219729717549,0.23054671850951675
Test_12,0.21338715885550666,0.189978027029804,0.39522740055344485,0.2014074135612445
Test_13,0.2823166689963786,0.20627008776379901,0.26813463238002894,0.2432786108597934
Test_14,0.26681416610745684,0.2045869765554037,0.31055057638811023,0.21804828094902914
Test_15,0.30272235038996714,0.20558960321292596,0.2645905468003328,0.22709749959677428
Test_16,0.20235501920753238,0.20077649335273517,0.20218101560622626,0.3946874718335061
Test_17,0.25776232887947914,0.2031415952593961,0.20126265423291378,0.337833421628211
Test_18,0.22951182523537317,0.20150063347921837,0.2640235874836002,0.3049639538018082
Test_19,0.22771478053907984,0.19393726145074336,0.37505285062983984,0.20329510738033696
Test_20,0.2093551319062431,0.19637565692715608,0.3528016801124244,0.2414675310541764
Test_21,0.20677697317994675,0.19774790048641355,0.30622353558476895,0.28925159074887075
Test_22,0.26715822224802155,0.20347158160485318,0.32350108892093443,0.2058691072261909
Test_23,0.24714719062686755,0.20435815728518988,0.2234254967839238,0.32506915530401875
Test_24,0.3108114551943713,0.2079974793813541,0.2362213857693845,0.24496967965489014
Test_25,0.2490921495344403,0.2062806000450608,0.23048202653321925,0.31414522388727967
Test_26,0.18251744157229377,0.17726273619595662,0.46318578679185174,0.17703403543989785
Test_27,0.22469137533513583,0.1923495013594413,0.3678402124616077,0.21511891084381518
Test_28,0.311492308946857,0.2066034299647845,0.25163388946612136,0.23027037162223715
Test_29,0.23438717187934424,0.19993054049097517,0.26789592084525665,0.297786366784424
Test_30,0.3784483759361029,0.23086331183237496,0.19584828878082983,0.19484002345069248
Test_31,0.33144486090575065,0.2031496863073014,0.22978321677406482,0.23562223601288323
Test_32,0.26869630113977594,0.19928087490193203,0.29601917358759944,0.23600365037069274
Test_33,0.23601358722704568,0.19988915294530588,0.23596145039078295,0.32813580943686554
Test_34,0.23737247817457047,0.20420818956286188,0.3108100304103868,0.24760930185218072
Test_35,0.20184082641847675,0.19691164306221212,0.20301373173122197,0.39823379878808907
Test_36,0.25583991343675216,0.20593221613602555,0.2759766059833292,0.26225126444389313
Test_37,0.2794886114153154,0.2033572630554454,0.25543508627292116,0.2617190392563181
Test_38,0.25773484890539555,0.20345300117416346,0.28199768808779835,0.25681446183264267
Test_39,0.22641144797674673,0.1965720865242799,0.3586564185824335,0.21836004691653987
Test_40,0.21629974226791676,0.19525758583715017,0.34678838054235606,0.24165429135257704
Test_41,0.19029916285012832,0.18087730306060268,0.44763448084952845,0.18118905323974052
Test_42,0.2210837144576367,0.20127577824083945,0.2176044932856088,0.36003601401591506
Test_43,0.33230709151359866,0.20554763719271488,0.26041162931469547,0.20173364197899096
Test_44,0.29439788036348513,0.2030588601181328,0.22779943226938992,0.2747438272489921
Test_45,0.2847458481718886,0.20094738457805378,0.20848459758638735,0.3058221696636702
Test_46,0.2689624377929406,0.20627453052822195,0.24670848880933896,0.27805454286949843
Test_47,0.1983261358946554,0.18734867424659354,0.4268854347803859,0.1874397550783652
Test_48,0.21477109959514126,0.19548922334392188,0.3528831825635889,0.23685649449734783
Test_49,0.21688075464108436,0.1922444179060321,0.39070955025957843,0.2001652771933052
Test_50,0.1798813809436396,0.17899200098299484,0.4625665215256826,0.178560096547683
Test_51,0.2210757475085406,0.19780213809356562,0.34163772776682577,0.23948438663106808
Test_52,0.24867595755720565,0.2032503921661411,0.2834798976126297,0.26459375266402363
Test_53,0.21179276467529934,0.1871858717713858,0.41365763011234274,0.1873637334409721
Test_54,0.2765860703170579,0.2064677296439232,0.29536431457398116,0.22158188546503774
Test_55,0.26227761285828327,0.20300979290187557,0.3274920417172187,0.20722055252262248
Test_56,0.2715315210092066,0.20555181074970186,0.24599323569467876,0.27692343254641283
Test_57,0.2590829109330473,0.204081208032048,0.25954612029577495,0.27728976073912975
Test_58,0.22111416563394323,0.19958168769565054,0.3162172120852997,0.26308693458510657
Test_59,0.21702966851415645,0.19950039973234082,0.19830430192610052,0.3851656298274021
Test_60,0.2035951443995866,0.19294747350207375,0.3747138421588473,0.2287435399394925
Test_61,0.2847445021744268,0.2045605218076446,0.24996670593563008,0.26072827008229854
Test_62,0.3688477773869208,0.20498114643695053,0.20863801168192467,0.21753306449420406
Test_63,0.21658775380265277,0.19197982907879302,0.39712499155240616,0.194307425566148
Test_64,0.22239226069197343,0.1964162183029914,0.3440560741662918,0.23713544683874316
Test_65,0.2325317332402213,0.1981100767898575,0.34116171677173357,0.2281964731981876
Test_66,0.1992162154019501,0.18352482126016534,0.42893562035850646,0.18832334297937822
Test_67,0.2671038862245146,0.20287208382662125,0.23447081319613897,0.2955532167527252
Test_68,0.20052190056620975,0.18780635017465194,0.405136132135422,0.20653561712371635
Test_69,0.206339749902436,0.18513193791628352,0.4189119054589882,0.18961640672229232
Test_70,0.23048342031188349,0.2035587131172513,0.22080525554289682,0.3451526110279684
Test_71,0.2925771854417393,0.2065244802570229,0.25756591953269126,0.2433324147685467
Test_72,0.2578950927836797,0.20734555719219638,0.2724825026354963,0.26227684738862755
Test_73,0.30931391476561554,0.20581079283328424,0.23577740035332015,0.24909789204778007
Test_74,0.2859424032549817,0.20727290221810546,0.2579917304140097,0.24879296411290322
Test_75,0.3313941239619693,0.20097303516202503,0.2013630563068497,0.26626978456915595
Test_76,0.20058938559192918,0.19768596107055741,0.19589154639765943,0.4058331069398539
Test_77,0.2108118255200941,0.1861219988114074,0.41656903143748886,0.1864971442310095
Test_78,0.24541910003787795,0.20133993699658256,0.21603843666434663,0.3372025263011928
Test_79,0.27243928071035395,0.20815891045847804,0.23871056647681718,0.2806912423543509
Test_80,0.22379982736978676,0.19680546238191923,0.35254410774326356,0.22685060250503056
Test_81,0.25813352514163557,0.20393644344091136,0.2690703781677253,0.26885965324972777
Test_82,0.22385393584108612,0.20167740891881017,0.22939571706349268,0.345072938176611
Test_83,0.2601215620787154,0.2061958146142541,0.26434484556976046,0.26933777773726997
Test_84,0.23715285612957332,0.20641482432895497,0.26189766054907193,0.2945346589923997
Test_85,0.3548235134112925,0.20532669193098768,0.19936340426188923,0.2404863903958305
Test_86,0.22928808440324294,0.20051201169248223,0.31068455661610633,0.2595153472881685
Test_87,0.26430553723441436,0.1975251680701171,0.33240747973113555,0.20576181496433296
Test_88,0.2855182538734336,0.20438377240483252,0.20745931671421403,0.3026386570075199
Test_89,0.268974741623445,0.20338695883616184,0.26139398818396414,0.2662443113564292
Test_90,0.23718987822668172,0.19845163256294143,0.35817559776858415,0.20618289144179264
Test_91,0.2649570347559042,0.20147366839460895,0.3303572625731574,0.2032120342763296
Test_92,0.20250987488552613,0.199481573759369,0.2150422347276574,0.3829663166274474
Test_93,0.19561300642845011,0.18242472386778455,0.44032248628723003,0.18163978341653525
Test_94,0.23116975682097604,0.19837310496032584,0.31140930542969675,0.2590478327890014
Test_95,0.23135638633888256,0.20208125430943438,0.23889369857825962,0.32766866077342355
Test_96,0.2391044911607516,0.1985618188848594,0.326343148273224,0.23599054168116493
Test_97,0.2238816694111078,0.1968680954496965,0.34018760835446427,0.23906262678473147
Test_98,0.2544889515444314,0.20233556549065818,0.3041238345005018,0.23905164846440854
Test_99,0.27565230619118,0.20162031875486514,0.22094104830583156,0.3017863267481234
Test_100,0.28728104943198735,0.20499282106152672,0.23458371163654346,0.2731424178699424
Test_101,0.25051482283628584,0.20298297509107094,0.27971537782075323,0.26678682425188993
Test_102,0.21376990167363757,0.1993371982425082,0.3081326414203012,0.2787602586635531
Test_103,0.3002459467010472,0.2046932199385752,0.23993518596751992,0.2551256473928577
Test_104,0.253700397818629,0.20604688566004942,0.19973885452727042,0.34051386199405115
Test_105,0.20739789432948025,0.19522105697908343,0.2194243752190215,0.37795667347241474
Test_106,0.31215836081286114,0.20760117469726921,0.2513379292066782,0.22890253528319154
Test_107,0.2570460135828594,0.20581849158554708,0.22939458882328143,0.30774090600831217
Test_108,0.21609245036267327,0.2011229371327416,0.21351666027237023,0.3692679522322148
Test_109,0.31424981110804223,0.20215672546858454,0.27830741616018767,0.20528604726318536
Test_110,0.32797107090737365,0.20569474381918784,0.23706847525052557,0.229265710022913
Test_111,0.24392918153850962,0.19830813664894306,0.2934300046537965,0.2643326771587508
Test_112,0.2106742477971307,0.19096359878570582,0.39002409865059195,0.20833805476657158
Test_113,0.22552990821771415,0.19841134786168968,0.19858942664712836,0.3774693172734678
Test_114,0.26899174693634365,0.2023485104671372,0.2001025271993262,0.3285572153971931
Test_115,0.24018718359730348,0.19649854754761253,0.33110816333007853,0.23220610552500554
Test_116,0.19090558648650005,0.18212160106743644,0.4418556614664987,0.18511715097956494
Test_117,0.24112543877692222,0.20182676736289873,0.3022507029736258,0.2547970908865532
Test_118,0.21890358745982658,0.19313034935646003,0.37799555387470557,0.20997050930900762
Test_119,0.3347247701932481,0.20754461942992572,0.24952091413372213,0.2082096962431042
Test_120,0.24948336315990402,0.20265555476948072,0.2955225321885602,0.2523385498820552
Test_121,0.18720879535441295,0.1808777751004047,0.4522313935869325,0.1796820359582498
Test_122,0.2647872161544262,0.2026030592284776,0.3020523179159579,0.23055740670113822
Test_123,0.24174585149279146,0.19998965300954466,0.3213215001614152,0.23694299533624863
Test_124,0.22710695736120143,0.20123405607860123,0.22492751191918461,0.34673147464101284
Test_125,0.27048578834093445,0.20637120490831695,0.2598947829720259,0.26324822377872276
Test_126,0.3468559667445014,0.20372643637790588,0.2497275354649061,0.19969006141268655
Test_127,0.22735321444182363,0.20146073862306071,0.2807079948510509,0.29047805208406474
Test_128,0.2259080198664494,0.20259562226264224,0.23440419328995196,0.3370921645809564
Test_129,0.25133103634831006,0.19937368648304832,0.2971327592746852,0.2521625178939566
Test_130,0.2313273051474547,0.20346659125732586,0.22018860296136877,0.34501750063385067
Test_131,0.22428660044795223,0.20215152612516873,0.22710226984940374,0.34645960357747535
Test_132,0.2863583273436875,0.20571947611496635,0.2383219386863038,0.2696002578550424
Test_133,0.20916205883450897,0.19832268943737807,0.1969235569036176,0.3955916948244954
Test_134,0.2764020349390952,0.20413860166839662,0.20267723115422853,0.31678213223827956
Test_135,0.2332066813980816,0.19731322570631615,0.3564956785497884,0.21298441434581383
Test_136,0.21292850788210807,0.19758607506385883,0.20008640617942935,0.38939901087460366
Test_137,0.20404502026178045,0.18970304230761056,0.41449948449128027,0.1917524529393287
Test_138,0.27172158452701417,0.20550214556182456,0.2675454536053671,0.2552308163057943
Test_139,0.21479279579603883,0.18658277790438701,0.41501768618589696,0.18360674011367714
Test_140,0.23191848636115556,0.2008419856692937,0.25321606714612704,0.3140234608234237
Test_141,0.22427006530264745,0.19999587300644223,0.31669480658582977,0.25903925510508047
Test_142,0.25718106723747336,0.2029286687015071,0.21313443836819448,0.32675582569282496
Test_143,0.1779346172089064,0.1767085261344605,0.4691270210347603,0.1762298356218729
Test_144,0.2501115343664639,0.1998442406193139,0.3465330846492391,0.20351114036498316
Test_145,0.27707844493398104,0.2051770967556211,0.22262655993214273,0.29511789837825514
Test_146,0.24417627222317762,0.2003445683538427,0.3499695334659647,0.20550962595701497
Test_147,0.26858670687614566,0.20095136719691012,0.3085851929314191,0.22187673299552502
Test_148,0.353741009054991,0.20495758416386456,0.2143676538665632,0.2269337529145812
Test_149,0.2148824779899967,0.19098602905053744,0.39401316135544046,0.20011833160402545
Test_150,0.2644717863006861,0.20600091714424357,0.22293616484674164,0.3065911317083287
Test_151,0.20475083493656346,0.1892199726895114,0.4142419512681655,0.19178724110575981
Test_152,0.20595887317803546,0.18675262044582266,0.4112950590068482,0.19599344736929375
Test_153,0.2079076088201918,0.19708094335232557,0.20388586562718738,0.39112558220029525
Test_154,0.19807953657564514,0.18463453008569092,0.42995739977417025,0.1873285335644937
Test_155,0.22563109291208655,0.19929316158284843,0.3241176986443166,0.25095804686074835
Test_156,0.19531717279831035,0.18274247700156412,0.4333107985963683,0.18862955160375727
Test_157,0.26840455059241974,0.2013593058280197,0.30777205005674607,0.22246409352281452
Test_158,0.20912861089267823,0.1957479059325557,0.19235591530736545,0.4027675678674007
Test_159,0.22290388620597215,0.19785136738862596,0.23242446864535238,0.3468202777600495
Test_160,0.36751551619953554,0.23699397790327115,0.20319879017716547,0.19229171572002782
Test_161,0.25985689661776606,0.20828757594574598,0.2555807813898899,0.27627474604659813
Test_162,0.20870971195890142,0.1873275787585076,0.4065254067258239,0.19743730255676717
Test_163,0.29091462662586015,0.2046328508649692,0.25079070791033725,0.2536618145988334
Test_164,0.31282664972842045,0.20342770517723036,0.20230519438398267,0.28144045071036655
Test_165,0.25957638199798677,0.20551048036226222,0.28348746662201374,0.25142567101773733
Test_166,0.2652499785897469,0.20101498366363188,0.3160144696808852,0.217720568065736
Test_167,0.1833391166823058,0.17849191943646614,0.45954530093131485,0.17862366294991328
Test_168,0.24261555328595566,0.20160932919815924,0.3092564462318087,0.2465186712840764
Test_169,0.27035377314938386,0.20400539204650012,0.2927157171362908,0.23292511766782525
Test_170,0.24390399743173352,0.20085069252249382,0.33023985082128077,0.22500545922449197
Test_171,0.3199875779002584,0.20639557217328677,0.26333485278318364,0.21028199714327125
Test_172,0.22776684745092682,0.19276696712768115,0.37754212542796145,0.2019240599934306
Test_173,0.20686191558354822,0.1911889428964313,0.40060982637070125,0.20133931514931927
Test_174,0.23452302489301358,0.20531557129060313,0.24165151714672273,0.3185098866696605
Test_175,0.21781489126831502,0.19849412431295346,0.31575069402899053,0.26794029038974115
Test_176,0.2433247551322996,0.20314602129235804,0.29395741832956196,0.25957180524578055
Test_177,0.21613985758566687,0.1994485132152158,0.19156005218948574,0.39285157700963164
Test_178,0.19072311580416104,0.1918407640308226,0.18985193445120976,0.4275841857138065
Test_179,0.21063539738074769,0.18912319168299357,0.39854792281812756,0.20169348811813104
Test_180,0.2423970614340242,0.20322379914339866,0.3042740261578868,0.25010511326469026
Test_181,0.2348551423932836,0.20130304840619265,0.22181386384180346,0.34202794535872033
Test_182,0.21896250451524069,0.19080023140049157,0.3843765841430952,0.20586067994117244
Test_183,0.23942570745821093,0.2033049143573867,0.2548792234186382,0.3023901547657641
Test_184,0.21698728436774917,0.18910274273363892,0.3953315385493706,0.19857843434924127
Test_185,0.30340297921886894,0.20418934846599973,0.27570940290136725,0.21669826941376394
Test_186,0.3707566898982153,0.20157528504882333,0.19488958757820427,0.2327784374747572
Test_187,0.2512913061924272,0.2008607440654127,0.32180964040104215,0.22603830934111796
Test_188,0.2873882860557659,0.20396147341365897,0.284165790255914,0.22448445027466116
Test_189,0.3313523733059528,0.20859347942143883,0.22933672272998876,0.23071742454261965
Test_190,0.3047683390782905,0.20631116093469049,0.2305303383506611,0.2583901616363578
Test_191,0.2517395009023615,0.204781361126542,0.3204191915384773,0.2230599464326192
Test_192,0.26664202391458075,0.20162707596497081,0.2994480142796799,0.23228288584076853
Test_193,0.28572524768128565,0.20435307773067946,0.25582522436236016,0.25409645022567473
Test_194,0.24496647377974312,0.20339961677204071,0.2680731247005202,0.2835607847476961
Test_195,0.2531910978189061,0.2041801275240036,0.2739217274974582,0.26870704715963195
Test_196,0.2489211500885035,0.20245113543617504,0.20802564075588806,0.34060207371943346
Test_197,0.19613390807059627,0.19313592210185795,0.18805854426013108,0.4226716255674148
Test_198,0.3386049704808721,0.20581888729052458,0.20355187203398742,0.25202427019461593
Test_199,0.2809769587534273,0.20505994375500525,0.2733826367131975,0.2405804607783698
Test_200,0.22128635537017016,0.19805977644219144,0.2052379029842247,0.37541596520341364
Test_201,0.23753235908517167,0.20319060263813965,0.2254725555423187,0.33380448273437
Test_202,0.282042177663008,0.20649713516640728,0.2494589720570402,0.2620017151135445
Test_203,0.22418740922086983,0.19114797664373592,0.38898257100879563,0.1956820431265985
Test_204,0.20217911284526988,0.19434140163034297,0.18656220556938102,0.41691727995500605
Test_205,0.19064418697191904,0.19308649928701696,0.18635041767198432,0.4299188960690798
Test_206,0.19662042736914961,0.19449136220600372,0.18630582974838097,0.4225823806764657
Test_207,0.1935813379229576,0.19115198044964615,0.19030394071920873,0.4249627409081875
Test_208,0.34998038817944604,0.20347293563844263,0.2426088670954195,0.2039378090866918
Test_209,0.2009435793203989,0.19334704033970554,0.1865767273112285,0.41913265302866703
Test_210,0.2993982185278245,0.2062208124034316,0.26612956076056266,0.22825140830818122
Test_211,0.233219404712029,0.20391125359427342,0.29508146060313684,0.2677878810905606
Test_212,0.293402989942867,0.20120747621365692,0.30785429567040146,0.1975352381730746
Test_213,0.25325442932774594,0.20353798948854285,0.287446840232311,0.2557607409514003
Test_214,0.2404363074204535,0.20117651824592248,0.2632050430264536,0.2951821313071704
Test_215,0.2966292977828627,0.20797542030378718,0.23097483269613184,0.2644204492172183
Test_216,0.27281137321065263,0.2038478365715703,0.3166380082186914,0.20670278199908568
Test_217,0.20872302238254858,0.19547124981042255,0.34391889992965063,0.2518868278773783
Test_218,0.28357012133942266,0.20694830788802407,0.2734514883513889,0.23603008242116447
Test_219,0.27289732269725575,0.2040749095041638,0.25928374759369255,0.26374402020488785
Test_220,0.219560318666381,0.1982179988069575,0.19947781066086043,0.38274387186580117
Test_221,0.24592264366335584,0.2012190922031188,0.33652928300191154,0.21632898113161386
Test_222,0.24853947003377277,0.19933033207348091,0.31535325214852117,0.2367769457442253
Test_223,0.2002549146002862,0.18582722836938773,0.4215648933675565,0.19235296366276955
Test_224,0.24499267659224275,0.19684439712447346,0.36571034298109417,0.19245258330218964
Test_225,0.33190153567188285,0.2083221164172265,0.240765817943644,0.21901052996724674
Test_226,0.2075992000245046,0.19131630889562393,0.39344464344959956,0.20763984763027188
Test_227,0.2567008095684793,0.20454138553024934,0.23964345029557918,0.2991143546056923
Test_228,0.22642465564695216,0.1959191339533858,0.3568990126681088,0.22075719773155322
Test_229,0.2435465968928498,0.19667667615907478,0.3484526276439406,0.2113240993041349
Test_230,0.21477671051637479,0.2023160134978618,0.19694441839847251,0.38596285758729093
Test_231,0.20156984533066563,0.1994196086386216,0.20510447973514348,0.3939060662955692
Test_232,0.24138451167084596,0.20153160702689596,0.2173576314727137,0.33972624982954436
Test_233,0.29168432397583677,0.20541282407526637,0.2869924020912432,0.2159104498576536
Test_234,0.21507219868370284,0.20188319868351012,0.21749517918756908,0.36554942344521807
Test_235,0.2508576760677758,0.20291586893108088,0.22160646182093693,0.32461999318020646
Test_236,0.2523077994849412,0.2047155323263929,0.2724476403600666,0.27052902782859917
Test_237,0.23415333019373694,0.20339480342773278,0.2099092121478751,0.35254265423065523
Test_238,0.21162082522788742,0.18983373310653814,0.39917293677711185,0.19937250488846261
Test_239,0.20119251973811758,0.19505358633175723,0.19676330470006767,0.4069905892300574
Test_240,0.2495723448685,0.19848096180074323,0.3475419372111212,0.20440475611963554
Test_241,0.20133616369037202,0.19592272509200764,0.20838960796532172,0.3943515032522986
Test_242,0.24760093714075793,0.206484690455505,0.23046220147767787,0.3154521709260591
Test_243,0.2805258778040555,0.20468637410922258,0.24033855173206217,0.2744491963546597
Test_244,0.30724401237327115,0.20292524405615528,0.2524790799671763,0.23735166360339716
Test_245,0.2674600895549572,0.20147969376902006,0.2981309844989565,0.23292923217706638
Test_246,0.26256937504907907,0.20472399349363402,0.20462470483215883,0.3280819266251281
Test_247,0.22511962346367623,0.1990076867346801,0.19322966302968886,0.3826430267719549
Test_248,0.26590068170186126,0.20413329702737298,0.2817616893157877,0.24820433195497793
Test_249,0.21561019856381017,0.18996972985128568,0.38949793880434486,0.20492213278055937
Test_250,0.3812127416925274,0.20914572849517302,0.21397716979280498,0.19566436001949453
Test_251,0.24349778318255114,0.2000173708478178,0.3029486962516193,0.2535361497180119
Test_252,0.22773737640422467,0.1994424008478015,0.21653408246244316,0.35628614028553074
Test_253,0.2971658864833374,0.20586332390986858,0.21776184798281786,0.2792089416239763
Test_254,0.2654533476734229,0.20613649065306963,0.23581547741170786,0.2925946842617996
Test_255,0.24119647315278556,0.20164632880416725,0.21806279343087964,0.33909440461216744
Test_256,0.25095319196609145,0.20292821341242986,0.21621342994983783,0.3299051646716409
Test_257,0.3588804986781936,0.21163274556331574,0.23296532068426515,0.1965214350742255
Test_258,0.26176153031405036,0.20696802094771669,0.2686000815389635,0.26267036719926945
Test_259,0.17682010731067924,0.17550399092333116,0.4723036454171453,0.17537225634884446
Test_260,0.2013867058797149,0.1937958508423416,0.2081503650283362,0.3966670782496072
Test_261,0.23186482151045593,0.200973375216289,0.2599207528758922,0.3072410503973628
Test_262,0.2801712146553397,0.20755437429926335,0.2415992866720763,0.2706751243733206
Test_263,0.23106444420775765,0.20221474196485634,0.21168262358760756,0.3550381902397784
Test_264,0.23531820957547517,0.1995680914082532,0.3448418982939717,0.2202718007222998
Test_265,0.2138398481712152,0.1884433199029001,0.40318651731974275,0.19453031460614192
Test_266,0.1906048095192629,0.1922946846730284,0.18447704267061363,0.4326234631370952
Test_267,0.2666968273768853,0.20253176657385066,0.3119996628363373,0.21877174321292658
Test_268,0.21869841471255724,0.1950746128939244,0.3869998477457518,0.19922712464776654
Test_269,0.286858966384123,0.2062309926454153,0.29785596111710594,0.20905407985335578
Test_270,0.21037961995990537,0.19394157173802493,0.3888371091639103,0.20684169913815958
Test_271,0.18931064489902663,0.1795662933648731,0.450866312342884,0.1802567493932163
Test_272,0.26381924928438455,0.199723017816906,0.3300573543113868,0.20640037858732266
Test_273,0.30328553118904966,0.20629753314108468,0.23716649607997403,0.2532504395898917
Test_274,0.21288309719625365,0.19552159899063543,0.3382251196726921,0.2533701841404189
Test_275,0.21157926162980767,0.19449624241769156,0.3590544426885656,0.23487005326393504
Test_276,0.21715319201071923,0.19462626821372744,0.1911796452891862,0.39704089448636715
Test_277,0.20291334700026062,0.19561661879877476,0.1953257936948343,0.40614424050613024
Test_278,0.20398099498167913,0.19575567840137728,0.1956316149132052,0.40463171170373846
Test_279,0.2072671040334951,0.1851400422822282,0.42172539583332197,0.18586745785095485
Test_280,0.2734394588279531,0.20571694882641,0.24276343993924918,0.27808015240638784
Test_281,0.2303394773118056,0.19945720747338883,0.21912466453889942,0.35107865067590616
Test_282,0.238802861642631,0.20288691945151602,0.22641449569569924,0.33189572321015376
Test_283,0.2351588050147775,0.195776179184496,0.35827142328818196,0.21079359251254454
Test_284,0.24908817425468083,0.20205365404561554,0.32868445494973003,0.22017371674997369
Test_285,0.27823295918263474,0.2062532939531203,0.290231313217421,0.22528243364682402
Test_286,0.2120185252561122,0.1983632509641136,0.2418735452684015,0.3477446785113727
Test_287,0.25034509860898363,0.20161707282023608,0.2718839391869179,0.27615388938386254
Test_288,0.2006955986776778,0.19526087057585412,0.20088090787149648,0.4031626228749717
Test_289,0.19861532586860242,0.1949204621325573,0.18960061870556763,0.41686359329327255
Test_290,0.22065883722434831,0.19323829956876099,0.3762020385480813,0.20990082465880944
Test_291,0.264928548705405,0.20660886965267408,0.30638847758610244,0.2220741040558186
Test_292,0.32803107084579036,0.20487736824602135,0.25557677809979984,0.21151478280838848
Test_293,0.26077042410029144,0.20252074189081304,0.3139582567248133,0.22275057728408218
Test_294,0.19957575655736917,0.19427952511513377,0.193919581741635,0.412225136585862
Test_295,0.2148902096442614,0.1957974018250035,0.1980465844889062,0.391265804041829
Test_296,0.23764584295230345,0.19860372029044263,0.22275722833365327,0.34099320842360054
Test_297,0.20420142581793194,0.19339809804687372,0.18894944051657048,0.41345103561862395
Test_298,0.24249598757145385,0.1981396598499838,0.35247103506038197,0.20689331751818033
Test_299,0.2419591518924539,0.20183265148757715,0.24017526499754374,0.3160329316224252
Test_300,0.3196422593624449,0.20560668720762423,0.23714136904002003,0.2376096843899108
Test_301,0.2983074726760572,0.20901426288263325,0.23891525094380933,0.25376301349750036
Test_302,0.2438163059851728,0.2027309745678309,0.20291911437272436,0.3505336050742719
Test_303,0.25030125069843556,0.20420301532963203,0.24298727391075672,0.30250846006117577
Test_304,0.28797444104329156,0.20750087555333402,0.25333035918950736,0.2511943242138671
Test_305,0.22792906237649932,0.19866339302724467,0.1908401964067712,0.38256734818948485
Test_306,0.21053139135506144,0.18694078771771291,0.41207083577920584,0.19045698514802004
Test_307,0.3343582642913217,0.20690607905438638,0.2527341406285676,0.20600151602572433
Test_308,0.2441450958877104,0.20345162561649824,0.2633903148991213,0.28901296359667006
Test_309,0.2168236946665914,0.20185583323909503,0.26435315596348563,0.31696731613082796
Test_310,0.25942379037245755,0.1999257900595852,0.3160175432342504,0.22463287633370682
Test_311,0.362898581917509,0.20596961560969249,0.2209455372366854,0.21018626523611303
Test_312,0.20429320271304408,0.18744116013944592,0.41173866415879246,0.19652697298871766
Test_313,0.29700591427181167,0.20483062039841718,0.21915722005718102,0.27900624527259016
Test_314,0.23961808712691574,0.196526130563268,0.3428180367139312,0.22103774559588496
Test_315,0.22722740070173114,0.20097052596850393,0.2136796864993994,0.35812238683036557
Test_316,0.33183012039356286,0.20571678701390092,0.25038130922065377,0.21207178337188254
Test_317,0.25145160692089763,0.20141642401172447,0.3235498361292985,0.22358213293807933
Test_318,0.30435602194190603,0.20445755813232805,0.21390218965523813,0.2772842302705278
Test_319,0.24542384635823963,0.2009187412283591,0.3075480405448669,0.24610937186853438
Test_320,0.29359403206166296,0.20830976408059232,0.24378277310489826,0.25431343075284646
Test_321,0.2955597219757359,0.2067887385650673,0.2497386919303936,0.2479128475288031
Test_322,0.22497567441050817,0.19684799103638265,0.3605644175715472,0.21761191698156196
Test_323,0.2432205318379371,0.1943873953760349,0.3561196187500335,0.2062724540359944
Test_324,0.24430549416649183,0.20189530557436067,0.33093688920815234,0.22286231105099516
Test_325,0.2649872186325527,0.20796713796645416,0.2301623544807676,0.2968832889202255
Test_326,0.214767411370933,0.19376459358983192,0.35778430345444096,0.23368369158479402
Test_327,0.23706775400796617,0.2033938057821921,0.21312668932784376,0.34641175088199794
Test_328,0.17755698387364888,0.17648796254388938,0.4696205654720547,0.1763344881104071
Test_329,0.26687002587748476,0.20051789816598942,0.31580136088110333,0.21681071507542263
Test_330,0.2525464337759283,0.20455730637935812,0.21946243362479786,0.32343382621991573
Test_331,0.23656419035751114,0.19812760183902212,0.1995262536117274,0.36578195419173926
Test_332,0.2834594000356771,0.20627652279857014,0.2751750909168709,0.2350889862488818
Test_333,0.26189704234228667,0.2054816268128055,0.24591456703451445,0.28670676381039345
Test_334,0.2700507272469088,0.2048023903782604,0.28564003121978176,0.23950685115504894
Test_335,0.3145202345644923,0.2062703589464469,0.23136052724952924,0.24784887923953147
Test_336,0.27262365597696225,0.20720809191113962,0.2838048125489489,0.23636343956294922
Test_337,0.35638722838458814,0.20672623041798574,0.22532320607675696,0.21156333512066913
Test_338,0.2820297692283796,0.20775727978355485,0.2539124058193477,0.256300545168718
Test_339,0.2250308276705339,0.20067333427595432,0.3356182048104794,0.2386776332430324
Test_340,0.2492557607886554,0.19384704106342993,0.365841738937421,0.19105545921049366
Test_341,0.3407546561751013,0.20669375628739772,0.22680036711047386,0.22575122042702697
Test_342,0.21214108506684423,0.19640998884009467,0.19973646368878314,0.39171246240427804
Test_343,0.2061093357794957,0.18708911318451898,0.4152210614035538,0.19158048963243146
Test_344,0.2235123561871489,0.19140537514493977,0.37997213318187384,0.2051101354860374
Test_345,0.2586260686310878,0.19759234328818567,0.33229876338241815,0.2114828246983084
Test_346,0.17781912928888421,0.17628222256672754,0.46988767046161795,0.1760109776827703
Test_347,0.2645584947831318,0.1984901215995409,0.3372120619795746,0.19973932163775254
Test_348,0.2451297679283991,0.2027230003506409,0.3038600261171381,0.24828720560382192
Test_349,0.23909528686467516,0.19804117758156353,0.1932620069177566,0.3696015286360046
Test_350,0.2910512567708552,0.20632335071833396,0.2259979142471575,0.27662747826365336
Test_351,0.20355056691150483,0.19702007973580296,0.33305408146737875,0.26637527188531357
Test_352,0.23778989537879505,0.1998653638103317,0.20567040343194057,0.3566743373789327
Test_353,0.29850348058836423,0.2059117047074935,0.2605757873941829,0.23500902730995937
Test_354,0.26152990529845394,0.2036563904414462,0.3067216072674234,0.22809209699267655
Test_355,0.24183414968154895,0.20592288035104525,0.26498839044529077,0.287254579522115
Test_356,0.37391895471569053,0.22970237170881924,0.20206077299213349,0.19431790058335677
Test_357,0.3136644040220878,0.20800537654413873,0.24346934174272997,0.23486087769104363
Test_358,0.2352861825839256,0.20073994401400586,0.32858347126397125,0.23539040213809734
Test_359,0.22316948034483206,0.20011596169569898,0.2620284451908762,0.31468611276859276
Test_360,0.26509512953710235,0.20484093052847957,0.21327669684472825,0.3167872430896898
Test_361,0.28859391635660325,0.20548945576564204,0.27461273841942435,0.2313038894583305
Test_362,0.26534390598585056,0.20436957788596452,0.2514871364529938,0.2787993796751911
Test_363,0.27902651695664243,0.2035020712927483,0.2809146026721513,0.2365568090784579
Test_364,0.2064614830339772,0.18744407058040555,0.4184743157108332,0.18762013067478409
Test_365,0.3015910972745628,0.2029430064301557,0.2784728422838386,0.21699305401144284
Test_366,0.22609891931979448,0.20189047357738904,0.3098371866194039,0.2621734204834126
Test_367,0.25236015805585477,0.20122644157003416,0.20150397784337548,0.3449094225307356
Test_368,0.22704227362610777,0.1929148304418167,0.36762938120160166,0.2124135147304738
Test_369,0.21964888464234128,0.19810720620493202,0.20839532478767053,0.3738485843650562
Test_370,0.17905572213633647,0.1778894705463939,0.46501138519389806,0.1780434221233715
Test_371,0.24383849245368766,0.19935304120137723,0.32908462227300017,0.227723844071935
Test_372,0.2350157811297738,0.2008164608100992,0.32911025918933734,0.23505749887078972
Test_373,0.21795865482927876,0.19146087054088395,0.39030368645723407,0.2002767881726032
Test_374,0.20205073060421277,0.19518524042074623,0.20837248381592793,0.39439154515911307
Test_375,0.227480261862265,0.20093475319858972,0.31415280252494515,0.2574321824142002
Test_376,0.28942778572343036,0.20539542116566445,0.2998311905240089,0.2053456025868961
Test_377,0.30699297517870044,0.20849782430179456,0.2728647887280952,0.21164441179140983
Test_378,0.2372810143262989,0.20208758853934494,0.3094452955220226,0.25118610161233346
Test_379,0.20114023416368967,0.19289309715388014,0.196389370493099,0.4095772981893312
Test_380,0.17884815050227046,0.17616815358765986,0.4690920693572237,0.17589162655284601
Test_381,0.2688205136245081,0.20181579674223907,0.23124318706974736,0.2981205025635055
Test_382,0.260341258635007,0.20229942976487836,0.2301774705662792,0.30718184103383533
Test_383,0.215805269793792,0.19153615861062584,0.3851813730770446,0.20747719851853774
Test_384,0.31303746667711013,0.20657438939675152,0.23222589367096044,0.2481622502551779
Test_385,0.21867929033883496,0.2000534283232043,0.23272847084114867,0.34853881049681207
Test_386,0.2210671250829304,0.19853151714987485,0.2373261782110017,0.34307517955619315
Test_387,0.20262282142852425,0.18974633612216207,0.40646746381890275,0.2011633786304109
Test_388,0.2621304647807001,0.20720571853376063,0.19995146981371675,0.33071234687182244
Test_389,0.29090094948792633,0.20743584511323782,0.2755042266594674,0.22615897873936847
Test_390,0.23323187890206257,0.2021892126593722,0.2433521326585114,0.32122677578005376
Test_391,0.29807451335216617,0.20455055223177418,0.24004376754656281,0.2573311668694968
Test_392,0.2714123389841684,0.20429221453192506,0.2909479736302654,0.23334747285364116
Test_393,0.22292786436961234,0.19989432560788495,0.22120022103657994,0.35597758898592285
Test_394,0.26179682736995624,0.2046681623316813,0.23250161128661906,0.30103339901174325
Test_395,0.3017792478033933,0.20535461395496754,0.22029095790563555,0.2725751803360035
Test_396,0.22756619251264212,0.20041880709328133,0.1904098191760692,0.38160518121800746
Test_397,0.22842916555098425,0.20056928942008642,0.21476405827286876,0.35623748675606065
Test_398,0.20970892709396044,0.19878733788526298,0.3310058007329079,0.2604979342878686
Test_399,0.18626857347078596,0.1791462241395993,0.45505715436296096,0.1795280480266538
Test_400,0.25928287822273577,0.2022219096055564,0.33444917119678785,0.20404604097492
Test_401,0.18803318280288955,0.18147947147809185,0.4455893562268792,0.18489798949213948
Test_402,0.22247377828990986,0.19971034126671283,0.2659594139355693,0.31185646650780807
Test_403,0.23887307100713737,0.20128658461666482,0.3430244803150979,0.21681586406109996
Test_404,0.27759768559341863,0.20765217986191042,0.23086004255465387,0.2838900919900172
Test_405,0.1917803657293796,0.19206878014862058,0.1861930794301858,0.4299577746918141
Test_406,0.20802207187324695,0.1938199621852356,0.1906494216853476,0.40750854425616984
Test_407,0.1999606252951711,0.1964441332956227,0.18962925100513195,0.4139659904040743
Test_408,0.21333787343011118,0.19647122378016388,0.1887698434736111,0.40142105931611394
Test_409,0.28161686936484315,0.20646112529940813,0.21058003149813093,0.3013419738376178
Test_410,0.2067095114238103,0.19827363614836938,0.2117685709952136,0.3832482814326068
Test_411,0.3059008187590387,0.20552121813104843,0.27753072140385826,0.2110472417060545
Test_412,0.27440605703973553,0.20144905257391985,0.28533875045240076,0.2388061399339438
Test_413,0.3194170210355386,0.20327146118655504,0.2727027591516139,0.2046087586262926
Test_414,0.21973006057590083,0.2009873827140633,0.21129764893482428,0.3679849077752117
Test_415,0.26793705788807964,0.20249661296953547,0.2794407587461457,0.2501255703962392
Test_416,0.2623054507270278,0.20375647862557555,0.263432210718634,0.2705058599287626
Test_417,0.2802908053294491,0.19927075632842134,0.31670671258951527,0.20373172575261422
Test_418,0.336060127621482,0.20436437512455669,0.24445073043134172,0.21512476682261958
Test_419,0.2740771820339601,0.20427349159926264,0.2815870711458071,0.24006225522097022
Test_420,0.2795186823896745,0.20351692055328988,0.26810712909176004,0.24885726796527555
Test_421,0.2547287534194907,0.20386918202863163,0.26754649246545537,0.2738555720864224
Test_422,0.2466702958683794,0.20506253517357592,0.2728882005880466,0.2753789683699982
Test_423,0.21592632581981797,0.19073726712749536,0.4018085702307941,0.19152783682189267
Test_424,0.2881193379494084,0.20683270403604212,0.26532217994793905,0.2397257780666103
Test_425,0.30866899401354064,0.20418238295787905,0.24636222703909824,0.240786395989482
Test_426,0.29127787926506393,0.2056787620690219,0.24427952384729879,0.2587638348186153
Test_427,0.2180985776571069,0.199124685759338,0.23833935026115718,0.34443738632239795
Test_428,0.22155468763961866,0.19736036321739847,0.19159216701050782,0.3894927821324749
Test_429,0.2593110713802401,0.2035746777872643,0.32449103975076987,0.21262321108172572
Test_430,0.33209916919453947,0.20667033158153975,0.2605955427823106,0.2006349564416101
Test_431,0.38379905969106387,0.2220980932707414,0.2002462490021278,0.19385659803606703
Test_432,0.28698088050541126,0.2044642116032692,0.24820970346521493,0.2603452044261047
Test_433,0.18851429922858154,0.19384305729506174,0.18612638993718358,0.4315162535391731
Test_434,0.1990063505000727,0.19406311504423912,0.18693986715812114,0.419990667297567
Test_435,0.22851729007649646,0.2016467617226378,0.3111810640919554,0.2586548841089102
Test_436,0.24532095106020638,0.2018525223615398,0.21648626511199628,0.33634026146625756
Test_437,0.19008821645244603,0.18153232765058466,0.4447795893941761,0.18359986650279328
Test_438,0.24637215489185585,0.19907358187696825,0.315248108918744,0.2393061543124319
Test_439,0.2381656441902412,0.20110519098056304,0.22859984538479258,0.33212931944440327
Test_440,0.3061875734603722,0.20701870076584386,0.24975530044858485,0.23703842532519914
Test_441,0.21597240153073183,0.19502557719587674,0.3545510206241254,0.234451000649266
Test_442,0.26243711368891853,0.2045934175832963,0.2854994816467165,0.24746998708106874
Test_443,0.28437633321595196,0.2078501492787392,0.255154475284776,0.2526190422205328
Test_444,0.2506896772453054,0.2017093303037167,0.2630719091129134,0.2845290833380644
Test_445,0.17941964122178092,0.1767146054408323,0.46651881885811985,0.17734693447926683
Test_446,0.24629647338654634,0.2017256964874778,0.3213620113069419,0.23061581881903395
Test_447,0.28315912159883505,0.20509079894210513,0.2410131457231321,0.2707369337359276
Test_448,0.21337385297610656,0.1924810860401294,0.39674211336827747,0.19740294761548652
Test_449,0.21983518035086635,0.1996282356384977,0.21239670015192222,0.36813988385871366
Test_450,0.2669317968155231,0.204268968939136,0.25755742319645697,0.2712418110488839
Test_451,0.2663862106910142,0.19967699047832702,0.3316693624145893,0.20226743641606956
Test_452,0.2656466677487601,0.19906777542579002,0.3031237149463557,0.2321618418790942
Test_453,0.19316003027899192,0.19288895059303424,0.18859265899027639,0.4253583601376975
Test_454,0.27608883761324066,0.2083115961666243,0.24022547745331077,0.27537408876682423
Test_455,0.21228645984976,0.1975610895324404,0.21097352240473832,0.3791789282130613
Test_456,0.2458168853256201,0.20167659474045183,0.28846448571149164,0.2640420342224363
Test_457,0.19833849643075918,0.19811956653715057,0.20568302861754814,0.39785890841454213
